0,469
0,472
41,5
41,4
41,3
41,2
41,1
41,0
43,4
43,3
43,2
43,1
43,0
44,4
44,3
44,2
44,1
44,0
48,4
48,3
48,2
48,1
48,0
38,5
38,4
38,3
38,2
38,1
38,0
27,4
27,3
27,2
27,1
27,0
34,5
34,4
34,3
34,2
34,1
34,0
36,5
36,4
36,3
36,2
36,1
36,0
0,9
47,4
47,3
47,2
47,1
47,0
0,273
0,270
69,35
3,2
3,1
3,3
10,297
10,293
10,277
10,163
10,256
10,177
10,295
10,254
11,12
11,10
11,11
9,5
9,2
9,3
8,8
8,18
8,2
8,3
24,3
24,1
20,3
20,2
20,1
19,3
19,2
19,1
18,3
18,1
14,3
14,1
13,3
13,1
12,3
12,2
12,1
11,30
11,29
11,28
11,27
11,26
11,25
11,24
11,23
11,22
11,21
11,20
11,19
11,18
11,16
11,14
11,9
11,8
11,7
